658741032
804736512
403821765
325746018
408752136
058276134
725684013
384175260
784036512
784156320
148670532
702418635
032741856
325681047
536041728
157420638
208563471
473862150
607458132
253107864
528013467
537648021
418065327
426185703
561078342
430561728
280615743
230174658
745136280
375062814
381452607
852374601
612543780
418673520
410365872
620147538
046135728
864503127
624150873
746201835
468205731
638504217
471865032
675301482
238075164
827145063
043215678
257403186
216435087
301462875
821753046
417320856
072458136
364782051
603782514
840627513
604172853
307816542
451628307
236510748
703541862
045876123
734612085
381476205
026781435
857461023
408761352
613274058
387061542
638015472
172548036
410352687
054687132
632845017
836154207
605173842
517203468
012365487
462185037
380467512
206748513
456231807
816073452
632058417
075346281
356207184
458627031
832674510
107825463
158607423
357806241
312084756
278601435
267518304
874236015
234815076
205341867
412083657
048365271
783612405
